,Faculty of MASSCOM and FSSR,Fakulti Sains Komputer & Matematik 1,Fakulti Sains Komputer & Matematik 2,Kolej Melati,Kolej Mawar,Block B Faculty Of Applied Sciences,Kolej Seroja,Block C Faculty Of Applied Sciences,Kolej Delima 1,Kolej Delima 3,Kolej Delima 2 (Pusat Kokurikulum),Faculty of Art and Design,Perpustakaan Tun Abdul Razak 1,Taska UiTM Shah Alam,Dewan Platinum Kolej Melati,Dewan Mawar Qaseh,Unit Bengkel Kenderaan UiTM Shah Alam,"Jabatan Pengurusan Perolehan & Aset, Pejabat Bendahari UiTM Shah Alam",Akademi Pengajian Bahasa,Pintu Seksyen 2,Dataran Cendekiawan,Kolej Anggerik,Makmal Fakulti Kejuruteraan Kimia,Kompleks Kolam Renang UiTM Shah Alam,Fakulti Undang-Undang,Masjid Al-Wathiqu Billah Tuanku Mizan Zainal Abidin,Parking Canseleri,Canseleri Tuanku Syed Sirajuddin,Kompleks Kejuruteraan Elektrikal,Fakulti Kejuruteraan Kimia,Hotel UiTM Shah Alam,Kompleks Sukan UiTM Shah Alam,Kolej Perindu,Pusat Kokurikulum,Ibu Pejabat Polis Bantuan UiTM,Kolej Teratai 2,kolej Teratai,Kolej Teratai 3,Kolej Delima 2 (PB),UiTM Facilities Center,Faculty of Civil Engineering,Dewan Sri Budiman,Dewan Annexe,Menara Sultan Abdul Aziz Shah,Bahagian Pembangunan Organisasi,Jabatan Sain Ukur dan Geomatik,DKB,Block A Faculty of Applied Science,Block A Faculty Of Applied Sciences,DK Beta,DK Alfa,DK Delta,DK Gamma & DK Bestari,Block F Faculty Of Applied Sciences,irmi,Malaysian Institut Transport,MITRAN,National Design Centre,Budisiswa,Bangunan HEP,Faculty of Business,"Instititut Leadership, Quality",Ayub Arshad Graduate Business School,Gym Sport Recreation,Dewan Agung Tuanku Canselor,MTDC,Surau FSPU,AB1,AB3,AB2,Kafeteria Kolej Anggerik,Mamakteria Cafe,Pusat Kesihatan UiTM Shah Alam,Non Resident Office,Security Office,Register Office,Pos Polis Bantuan,Stor Sukan,Institut Pengajian Siswazah
Faculty of MASSCOM and FSSR,0.0,0.33,0.334,0.889,1.098,1.235,1.27,1.267,0.723,0.924,0.933,2.083,1.523,0.465,0.64,0.965,0.954,0.966,1.397,0.804,0.752,1.687,1.18,0.565,1.492,0.818,1.023,0.922,0.413,0.474,1.376,0.995,1.098,0.924,0.742,0.723,0.495,0.742,0.458,0.554,0.708,1.67,1.725,1.778,1.677,1.234,1.778,1.315,1.393,1.315,1.315,1.229,1.249,1.055,1.176,1.234,1.234,1.828,1.54,1.62,1.357,1.299,1.483,1.372,1.41,1.586,1.767,1.694,1.694,1.694,1.564,1.231,1.194,0.675,1.375,1.495,1.386,1.176,1.57
Fakulti Sains Komputer & Matematik 1,0.33,0.0,0.326,0.614,0.804,1.08,1.115,1.111,0.395,0.596,0.605,1.927,1.367,0.137,0.312,0.637,0.809,0.821,1.088,0.744,0.424,1.359,0.852,0.237,1.336,0.663,0.962,0.861,0.417,0.496,1.315,0.667,0.942,0.596,0.414,0.395,0.167,0.414,0.13,0.399,0.705,1.514,1.57,1.622,1.522,1.079,1.622,1.16,1.237,1.16,1.16,1.074,1.094,0.9,1.02,1.079,1.079,1.674,1.385,1.464,1.201,1.144,1.328,1.217,1.255,1.258,1.449,1.366,1.366,1.366,1.236,1.068,0.949,0.347,1.047,1.34,1.095,1.02,1.415
Fakulti Sains Komputer & Matematik 2,0.334,0.326,0.0,0.771,0.981,1.308,1.343,1.339,0.719,0.92,0.929,2.155,1.595,0.461,0.636,0.95,0.836,0.849,1.279,0.877,0.665,1.57,1.165,0.561,1.564,0.891,1.096,0.994,0.278,0.356,1.448,0.991,1.171,0.92,0.738,0.707,0.491,0.738,0.454,0.627,0.59,1.742,1.798,1.85,1.75,1.307,1.85,1.388,1.465,1.388,1.388,1.302,1.322,1.128,1.248,1.307,1.307,1.9,1.613,1.692,1.429,1.372,1.556,1.445,1.483,1.582,1.65,1.577,1.577,1.577,1.447,1.114,1.077,0.671,1.371,1.568,1.268,1.248,1.643
Kolej Melati,0.889,0.614,0.771,0.0,0.687,1.37,1.482,1.402,0.857,0.612,0.62,2.294,1.53,0.6,0.302,0.526,0.551,0.563,0.977,1.206,0.241,1.248,0.741,0.699,1.499,1.125,1.425,1.324,0.663,0.686,1.777,0.683,0.982,0.612,0.404,0.283,0.629,0.404,0.484,0.861,0.438,1.771,1.827,1.989,1.889,1.369,1.989,1.45,1.528,1.45,1.45,1.364,1.384,1.19,1.311,1.369,1.369,2.041,1.548,1.627,1.364,1.306,1.491,1.257,1.295,1.274,1.338,1.254,1.254,1.254,1.125,0.828,0.783,0.337,1.063,1.707,0.98,1.311,1.481
Kolej Mawar,1.098,0.804,0.981,0.687,0.0,1.519,1.63,1.55,1.047,0.76,0.769,2.442,1.678,0.79,0.492,0.354,0.197,0.421,0.539,1.397,0.452,0.83,0.331,0.889,1.647,1.315,1.615,1.514,0.872,0.895,1.942,0.831,1.131,0.76,0.58,0.41,0.818,0.58,0.674,1.051,0.589,1.92,1.975,2.138,2.037,1.518,2.138,1.599,1.676,1.599,1.599,1.512,1.533,1.338,1.459,1.518,1.518,2.189,1.696,1.775,1.512,1.455,1.639,1.405,1.443,1.13,0.909,0.836,0.836,0.836,0.706,0.384,0.33,0.513,1.122,1.855,0.527,1.459,1.629
Block B Faculty Of Applied Sciences,1.235,1.08,1.308,1.37,1.519,0.0,0.605,0.031,1.324,1.055,0.75,1.343,0.426,1.022,1.068,1.352,1.53,1.543,1.78,1.102,1.166,1.673,1.567,1.166,0.395,0.417,1.46,1.359,1.399,1.465,0.911,1.171,0.416,1.055,1.1,1.124,1.095,1.1,1.058,0.705,1.461,0.667,0.723,1.08,0.98,0.457,1.08,0.08,0.245,0.08,0.08,0.034,0.014,0.277,0.398,0.457,0.457,1.157,0.443,0.523,0.26,0.202,0.387,0.691,0.729,1.34,1.578,1.679,1.679,1.679,1.549,1.782,1.664,1.033,1.107,0.825,1.81,0.398,0.473
Kolej Seroja,1.27,1.115,1.343,1.482,1.63,0.605,0.0,0.637,1.358,1.166,0.861,0.967,0.654,1.057,1.18,1.463,1.641,1.654,1.914,0.648,1.277,1.899,1.678,1.2,0.862,0.452,1.108,1.007,1.434,1.5,0.457,1.282,0.642,1.166,1.211,1.235,1.13,1.211,1.093,0.74,1.572,0.554,0.609,0.662,0.562,0.371,0.662,0.685,0.762,0.685,0.685,0.599,0.619,0.394,0.207,0.371,0.371,0.704,0.672,0.914,0.726,0.669,0.853,0.917,0.955,1.566,1.804,1.905,1.905,1.905,1.775,1.894,1.775,1.144,1.333,0.38,1.921,0.207,0.94
Block C Faculty Of Applied Sciences,1.267,1.111,1.339,1.402,1.55,0.031,0.637,0.0,1.355,1.086,0.781,1.374,0.457,1.053,1.1,1.383,1.562,1.574,1.811,1.133,1.198,1.704,1.598,1.197,0.426,0.449,1.492,1.39,1.43,1.497,0.942,1.202,0.448,1.086,1.131,1.156,1.127,1.131,1.09,0.736,1.493,0.699,0.754,1.112,1.011,0.488,1.112,0.049,0.277,0.049,0.049,0.065,0.045,0.309,0.429,0.488,0.488,1.188,0.475,0.554,0.291,0.234,0.418,0.722,0.76,1.371,1.609,1.71,1.71,1.71,1.581,1.814,1.695,1.065,1.138,0.856,1.841,0.429,0.505
Kolej Delima 1,0.723,0.395,0.719,0.857,1.047,1.324,1.358,1.355,0.0,0.788,0.797,2.171,1.611,0.381,0.555,0.88,1.052,1.065,1.331,0.988,0.668,1.602,1.095,0.16,1.58,0.906,1.206,1.105,0.81,0.889,1.559,0.859,1.159,0.788,0.628,0.638,0.228,0.628,0.373,0.642,0.948,1.758,1.813,1.866,1.765,1.323,1.866,1.404,1.481,1.404,1.404,1.317,1.338,1.143,1.264,1.323,1.323,1.917,1.628,1.708,1.445,1.387,1.572,1.433,1.471,1.45,1.646,1.608,1.608,1.608,1.478,1.311,1.192,0.561,1.239,1.584,1.338,1.264,1.657
Kolej Delima 3,0.924,0.596,0.92,0.612,0.76,1.055,1.166,1.086,0.788,0.0,0.305,1.979,1.214,0.582,0.31,0.593,0.771,0.784,1.044,1.189,0.408,1.25,0.808,0.63,1.183,0.864,1.407,1.306,0.927,0.95,1.478,0.412,0.667,0.0,0.341,0.365,0.559,0.341,0.492,0.843,0.702,1.456,1.511,1.674,1.573,1.054,1.674,1.135,1.212,1.135,1.135,1.048,1.069,0.875,0.995,1.054,1.054,1.725,1.232,1.311,1.048,0.991,1.175,0.941,0.979,0.958,1.154,1.256,1.256,1.256,1.126,1.024,0.905,0.274,0.747,1.391,1.051,0.995,1.165
Kolej Delima 2 (Pusat Kokurikulum),0.933,0.605,0.929,0.62,0.769,0.75,0.861,0.781,0.797,0.305,0.0,1.674,0.91,0.591,0.318,0.602,0.78,0.793,1.052,1.197,0.416,1.164,0.817,0.639,0.879,0.559,1.416,1.315,0.936,0.959,1.174,0.421,0.362,0.305,0.35,0.374,0.568,0.35,0.5,0.839,0.711,1.151,1.206,1.369,1.268,0.749,1.369,0.83,0.907,0.83,0.83,0.744,0.764,0.57,0.69,0.749,0.749,1.42,0.927,1.007,0.744,0.686,0.87,0.636,0.674,0.872,1.069,1.17,1.17,1.17,1.04,1.032,0.914,0.283,0.661,1.086,1.059,0.69,0.86
Faculty of Art and Design,2.083,1.927,2.155,2.294,2.442,1.343,0.967,1.374,2.171,1.979,1.674,0.0,0.917,1.869,1.992,2.276,2.454,2.466,2.726,1.401,2.09,2.712,2.491,2.013,1.218,1.264,1.861,1.76,2.246,2.313,1.174,2.095,1.455,1.979,2.024,2.048,1.942,2.024,1.906,1.552,2.385,0.816,0.872,0.967,0.867,1.178,0.967,1.422,1.5,1.422,1.422,1.336,1.357,1.201,1.014,1.178,1.178,1.42,0.934,1.176,1.083,1.14,1.325,1.729,1.767,2.378,2.616,2.718,2.718,2.718,2.588,2.706,2.587,1.957,2.146,1.054,2.733,1.014,1.521
Perpustakaan Tun Abdul Razak 1,1.523,1.367,1.595,1.53,1.678,0.426,0.654,0.457,1.611,1.214,0.91,0.917,0.0,1.309,1.228,1.512,1.69,1.702,1.911,1.088,1.326,1.804,1.727,1.453,0.301,0.704,1.548,1.447,1.686,1.753,0.861,1.331,0.548,1.214,1.26,1.284,1.382,1.26,1.346,0.992,1.621,0.241,0.297,0.654,0.554,0.744,0.654,0.506,0.583,0.506,0.506,0.419,0.44,0.565,0.685,0.744,0.744,1.107,0.018,0.26,0.166,0.224,0.408,0.822,0.86,1.471,1.709,1.811,1.811,1.811,1.681,1.942,1.823,1.193,1.238,0.741,1.969,0.685,0.605
Taska UiTM Shah Alam,0.465,0.137,0.461,0.6,0.79,1.022,1.057,1.053,0.381,0.582,0.591,1.869,1.309,0.0,0.298,0.623,0.794,0.807,1.074,0.686,0.41,1.345,0.838,0.223,1.278,0.605,0.904,0.803,0.552,0.631,1.257,0.653,0.884,0.582,0.399,0.38,0.152,0.399,0.115,0.341,0.69,1.456,1.512,1.564,1.464,1.021,1.564,1.102,1.179,1.102,1.102,1.016,1.036,0.842,0.962,1.021,1.021,1.616,1.327,1.406,1.143,1.086,1.27,1.159,1.197,1.244,1.435,1.351,1.351,1.351,1.221,1.054,0.935,0.333,1.033,1.282,1.081,0.962,1.357
Dewan Platinum Kolej Melati,0.64,0.312,0.636,0.302,0.492,1.068,1.18,1.1,0.555,0.31,0.318,1.992,1.228,0.298,0.0,0.326,0.497,0.509,0.776,0.904,0.112,1.048,0.541,0.397,1.197,0.823,1.123,1.022,0.617,0.64,1.475,0.381,0.68,0.31,0.102,0.083,0.327,0.102,0.182,0.559,0.393,1.469,1.525,1.687,1.587,1.067,1.687,1.148,1.226,1.148,1.148,1.062,1.082,0.888,1.009,1.067,1.067,1.739,1.246,1.325,1.062,1.004,1.189,0.955,0.993,0.972,1.137,1.054,1.054,1.054,0.924,0.756,0.637,0.035,0.761,1.405,0.783,1.009,1.179
Dewan Mawar Qaseh,0.965,0.637,0.95,0.526,0.354,1.352,1.463,1.383,0.88,0.593,0.602,2.276,1.512,0.623,0.326,0.0,0.454,0.614,0.637,1.23,0.285,0.909,0.402,0.722,1.481,1.149,1.448,1.347,0.842,0.864,1.776,0.664,0.964,0.593,0.413,0.243,0.652,0.413,0.508,0.884,0.565,1.753,1.808,1.971,1.87,1.351,1.971,1.432,1.509,1.432,1.432,1.346,1.366,1.172,1.292,1.351,1.351,2.022,1.529,1.609,1.346,1.288,1.472,1.238,1.276,1.219,0.998,0.915,0.915,0.915,0.785,0.617,0.499,0.346,1.044,1.688,0.644,1.292,1.462
Unit Bengkel Kenderaan UiTM Shah Alam,0.954,0.809,0.836,0.551,0.197,1.53,1.641,1.562,1.052,0.771,0.78,2.454,1.69,0.794,0.497,0.454,0.0,0.271,0.491,1.401,0.384,0.782,0.39,0.894,1.659,1.32,1.62,1.518,0.728,0.751,1.954,0.842,1.142,0.771,0.591,0.414,0.824,0.591,0.679,1.056,0.445,1.931,1.987,2.149,2.048,1.529,2.149,1.61,1.687,1.61,1.61,1.524,1.544,1.35,1.47,1.529,1.529,2.2,1.707,1.787,1.524,1.466,1.65,1.416,1.454,1.082,0.861,0.788,0.788,0.788,0.658,0.277,0.293,0.525,1.075,1.867,0.48,1.47,1.641
"Jabatan Pengurusan Perolehan & Aset, Pejabat Bendahari UiTM Shah Alam",0.966,0.821,0.849,0.563,0.421,1.543,1.654,1.574,1.065,0.784,0.793,2.466,1.702,0.807,0.509,0.614,0.271,0.0,0.715,1.414,0.397,1.006,0.613,0.907,1.671,1.332,1.632,1.531,0.74,0.763,1.966,0.855,1.155,0.784,0.604,0.427,0.836,0.604,0.691,1.068,0.457,1.944,1.999,2.161,2.061,1.542,2.161,1.623,1.7,1.623,1.623,1.536,1.557,1.362,1.483,1.542,1.542,2.213,1.72,1.799,1.536,1.479,1.663,1.429,1.467,1.306,1.085,1.012,1.012,1.012,0.882,0.549,0.517,0.537,1.235,1.879,0.703,1.483,1.653
Akademi Pengajian Bahasa,1.397,1.088,1.279,0.977,0.539,1.78,1.914,1.811,1.331,1.044,1.052,2.726,1.911,1.074,0.776,0.637,0.491,0.715,0.0,1.68,0.735,0.425,0.235,1.172,1.88,1.599,1.899,1.798,1.171,1.194,2.226,1.115,1.364,1.044,0.863,0.693,1.102,0.863,0.958,1.335,0.888,2.153,2.208,2.421,2.321,1.801,2.421,1.86,1.937,1.86,1.86,1.774,1.794,1.622,1.743,1.801,1.801,2.473,1.929,2.008,1.745,1.688,1.872,1.089,1.355,0.725,0.504,0.431,0.431,0.431,0.301,0.252,0.262,0.797,0.718,2.139,0.101,1.743,1.319
Pintu Seksyen 2,0.804,0.744,0.877,1.206,1.397,1.102,0.648,1.133,0.988,1.189,1.197,1.401,1.088,0.686,0.904,1.23,1.401,1.414,1.68,0.0,1.017,1.952,1.445,0.829,1.358,0.825,0.48,0.379,0.968,1.034,0.571,1.259,1.104,1.189,1.006,0.987,0.759,1.006,0.722,0.56,1.268,0.988,1.043,1.096,0.996,0.867,1.096,1.181,1.259,1.181,1.181,1.095,1.116,0.89,0.704,0.867,0.867,1.033,1.106,1.348,1.223,1.165,1.349,1.379,1.417,1.85,2.041,1.958,1.958,1.958,1.828,1.66,1.541,0.939,1.639,0.844,1.687,0.704,1.436
Dataran Cendekiawan,0.752,0.424,0.665,0.241,0.452,1.166,1.277,1.198,0.668,0.408,0.416,2.09,1.326,0.41,0.112,0.285,0.384,0.397,0.735,1.017,0.0,1.007,0.5,0.51,1.295,0.936,1.235,1.134,0.557,0.58,1.588,0.479,0.778,0.408,0.214,0.042,0.44,0.214,0.295,0.671,0.332,1.567,1.623,1.785,1.685,1.165,1.785,1.246,1.323,1.246,1.246,1.16,1.18,0.986,1.107,1.165,1.165,1.836,1.344,1.423,1.16,1.102,1.287,1.053,1.091,1.07,1.096,1.013,1.013,1.013,0.883,0.662,0.597,0.148,0.858,1.503,0.742,1.107,1.277
Kolej Anggerik,1.687,1.359,1.57,1.248,0.83,1.673,1.899,1.704,1.602,1.25,1.164,2.712,1.804,1.345,1.048,0.909,0.782,1.006,0.425,1.952,1.007,0.0,0.507,1.444,1.773,1.597,2.17,2.069,1.462,1.485,2.212,1.366,1.257,1.25,1.135,0.965,1.374,1.135,1.23,1.606,1.179,2.046,2.101,2.407,2.306,1.787,2.407,1.753,1.83,1.753,1.753,1.667,1.687,1.608,1.728,1.787,1.787,2.458,1.822,1.901,1.638,1.581,1.765,0.982,1.248,0.618,0.427,0.143,0.143,0.143,0.124,0.599,0.553,1.068,0.611,2.124,0.526,1.728,1.212
Makmal Fakulti Kejuruteraan Kimia,1.18,0.852,1.165,0.741,0.331,1.567,1.678,1.598,1.095,0.808,0.817,2.491,1.727,0.838,0.541,0.402,0.39,0.613,0.235,1.445,0.5,0.507,0.0,0.937,1.696,1.364,1.663,1.562,1.057,1.079,1.991,0.879,1.179,0.808,0.628,0.458,0.867,0.628,0.723,1.099,0.781,1.968,2.023,2.186,2.085,1.566,2.186,1.647,1.724,1.647,1.647,1.561,1.581,1.387,1.507,1.566,1.566,2.237,1.744,1.824,1.561,1.503,1.687,1.181,1.447,0.817,0.596,0.513,0.513,0.513,0.383,0.215,0.097,0.561,0.81,1.903,0.243,1.507,1.411
Kompleks Kolam Renang UiTM Shah Alam,0.565,0.237,0.561,0.699,0.889,1.166,1.2,1.197,0.16,0.63,0.639,2.013,1.453,0.223,0.397,0.722,0.894,0.907,1.172,0.829,0.51,1.444,0.937,0.0,1.422,0.748,1.048,0.947,0.652,0.731,1.401,0.701,1.0,0.63,0.47,0.48,0.07,0.47,0.215,0.484,0.79,1.6,1.655,1.708,1.607,1.164,1.708,1.245,1.323,1.245,1.245,1.159,1.18,0.985,1.106,1.164,1.164,1.759,1.47,1.55,1.287,1.229,1.413,1.275,1.313,1.292,1.488,1.45,1.45,1.45,1.32,1.152,1.034,0.403,1.081,1.425,1.18,1.106,1.499
Fakulti Undang-Undang,1.492,1.336,1.564,1.499,1.647,0.395,0.862,0.426,1.58,1.183,0.879,1.218,0.301,1.278,1.197,1.481,1.659,1.671,1.88,1.358,1.295,1.773,1.696,1.422,0.0,0.673,1.717,1.615,1.655,1.722,1.162,1.3,0.517,1.183,1.228,1.253,1.351,1.228,1.314,0.961,1.59,0.542,0.598,0.955,0.855,0.713,0.955,0.475,0.552,0.475,0.475,0.388,0.409,0.534,0.654,0.713,0.713,1.408,0.319,0.398,0.135,0.193,0.377,0.791,0.829,1.44,1.678,1.78,1.78,1.78,1.65,1.911,1.792,1.162,1.207,1.042,1.938,0.654,0.574
Masjid Al-Wathiqu Billah Tuanku Mizan Zainal Abidin,0.818,0.663,0.891,1.125,1.315,0.417,0.452,0.449,0.906,0.864,0.559,1.264,0.704,0.605,0.823,1.149,1.32,1.332,1.599,0.825,0.936,1.597,1.364,0.748,0.673,0.0,1.043,0.942,0.982,1.048,0.764,0.98,0.34,0.864,0.909,0.906,0.678,0.909,0.641,0.288,1.216,0.851,0.907,0.96,0.859,0.416,0.96,0.497,0.574,0.497,0.497,0.411,0.431,0.237,0.357,0.416,0.416,1.011,0.722,0.801,0.538,0.481,0.665,0.614,0.652,1.263,1.501,1.603,1.603,1.603,1.473,1.579,1.46,0.842,1.031,0.677,1.606,0.357,0.752
Parking Canseleri,1.023,0.962,1.096,1.425,1.615,1.46,1.108,1.492,1.206,1.407,1.416,1.861,1.548,0.904,1.123,1.448,1.62,1.632,1.899,0.48,1.235,2.17,1.663,1.048,1.717,1.043,0.0,0.135,1.186,1.253,1.051,1.478,1.323,1.407,1.225,1.206,0.978,1.225,0.941,0.779,1.487,1.448,1.503,1.556,1.456,1.327,1.556,1.54,1.617,1.54,1.54,1.454,1.474,1.28,1.164,1.327,1.327,1.503,1.566,1.808,1.581,1.524,1.708,1.597,1.635,2.069,2.26,2.176,2.176,2.176,2.047,1.879,1.76,1.158,1.858,1.304,1.906,1.164,1.795
Canseleri Tuanku Syed Sirajuddin,0.922,0.861,0.994,1.324,1.514,1.359,1.007,1.39,1.105,1.306,1.315,1.76,1.447,0.803,1.022,1.347,1.518,1.531,1.798,0.379,1.134,2.069,1.562,0.947,1.615,0.942,0.135,0.0,1.085,1.152,0.95,1.377,1.222,1.306,1.123,1.104,0.876,1.123,0.839,0.678,1.385,1.347,1.402,1.455,1.354,1.226,1.455,1.439,1.516,1.439,1.439,1.353,1.373,1.179,1.062,1.226,1.226,1.402,1.465,1.707,1.48,1.423,1.607,1.496,1.534,1.968,2.158,2.075,2.075,2.075,1.945,1.778,1.659,1.057,1.757,1.202,1.805,1.062,1.694
Kompleks Kejuruteraan Elektrikal,0.413,0.417,0.278,0.663,0.872,1.399,1.434,1.43,0.81,0.927,0.936,2.246,1.686,0.552,0.617,0.842,0.728,0.74,1.171,0.968,0.557,1.462,1.057,0.652,1.655,0.982,1.186,1.085,0.0,0.248,1.539,0.998,1.261,0.927,0.719,0.599,0.582,0.719,0.545,0.717,0.482,1.833,1.888,1.941,1.841,1.398,1.941,1.479,1.556,1.479,1.479,1.393,1.413,1.219,1.339,1.398,1.398,1.991,1.704,1.783,1.52,1.462,1.647,1.536,1.574,1.589,1.541,1.468,1.468,1.468,1.338,1.005,0.969,0.653,1.378,1.659,1.16,1.339,1.734
Fakulti Kejuruteraan Kimia,0.474,0.496,0.356,0.686,0.895,1.465,1.5,1.497,0.889,0.95,0.959,2.313,1.753,0.631,0.64,0.864,0.751,0.763,1.194,1.034,0.58,1.485,1.079,0.731,1.722,1.048,1.253,1.152,0.248,0.0,1.605,1.021,1.321,0.95,0.742,0.622,0.66,0.742,0.623,0.784,0.502,1.9,1.955,2.008,1.907,1.464,2.008,1.545,1.622,1.545,1.545,1.459,1.479,1.285,1.406,1.464,1.464,2.057,1.77,1.85,1.586,1.529,1.713,1.595,1.633,1.612,1.564,1.491,1.491,1.491,1.361,1.028,0.991,0.675,1.401,1.725,1.183,1.406,1.8
Hotel UiTM Shah Alam,1.376,1.315,1.448,1.777,1.942,0.911,0.457,0.942,1.559,1.478,1.174,1.174,0.861,1.257,1.475,1.776,1.954,1.966,2.226,0.571,1.588,2.212,1.991,1.401,1.162,0.764,1.051,0.95,1.539,1.605,0.0,1.595,0.955,1.478,1.524,1.548,1.33,1.524,1.293,1.052,1.839,0.761,0.816,0.869,0.768,0.676,0.869,0.991,1.068,0.991,0.991,0.904,0.925,0.7,0.513,0.676,0.676,0.462,0.878,1.12,1.027,0.974,1.159,1.229,1.267,1.878,2.116,2.218,2.218,2.218,2.088,2.206,2.087,1.457,1.646,0.616,2.233,0.513,1.245
Kompleks Sukan UiTM Shah Alam,0.995,0.667,0.991,0.683,0.831,1.171,1.282,1.202,0.859,0.412,0.421,2.095,1.331,0.653,0.381,0.664,0.842,0.855,1.115,1.259,0.479,1.366,0.879,0.701,1.3,0.98,1.478,1.377,0.998,1.021,1.595,0.0,0.783,0.412,0.412,0.436,0.63,0.412,0.563,0.914,0.773,1.572,1.627,1.79,1.689,1.17,1.79,1.251,1.328,1.251,1.251,1.165,1.185,0.991,1.111,1.17,1.17,1.841,1.348,1.428,1.165,1.107,1.291,1.057,1.095,1.074,1.271,1.372,1.372,1.372,1.242,1.095,0.976,0.345,0.863,1.507,1.122,1.111,1.281
Kolej Perindu,1.098,0.942,1.171,0.982,1.131,0.416,0.642,0.448,1.159,0.667,0.362,1.455,0.548,0.884,0.68,0.964,1.142,1.155,1.364,1.104,0.778,1.257,1.179,1.0,0.517,0.34,1.323,1.222,1.261,1.321,0.955,0.783,0.0,0.667,0.712,0.736,0.93,0.712,0.862,0.62,1.073,0.789,0.844,1.15,1.05,0.53,1.15,0.496,0.573,0.496,0.496,0.41,0.43,0.351,0.471,0.53,0.53,1.201,0.565,0.645,0.382,0.324,0.508,0.274,0.312,0.923,1.161,1.263,1.263,1.263,1.133,1.394,1.276,0.645,0.691,0.868,1.421,0.471,0.498
Pusat Kokurikulum,0.924,0.596,0.92,0.612,0.76,1.055,1.166,1.086,0.788,0.0,0.305,1.979,1.214,0.582,0.31,0.593,0.771,0.784,1.044,1.189,0.408,1.25,0.808,0.63,1.183,0.864,1.407,1.306,0.927,0.95,1.478,0.412,0.667,0.0,0.341,0.365,0.559,0.341,0.492,0.843,0.702,1.456,1.511,1.674,1.573,1.054,1.674,1.135,1.212,1.135,1.135,1.048,1.069,0.875,0.995,1.054,1.054,1.725,1.232,1.311,1.048,0.991,1.175,0.941,0.979,0.958,1.154,1.256,1.256,1.256,1.126,1.024,0.905,0.274,0.747,1.391,1.051,0.995,1.165
Ibu Pejabat Polis Bantuan UiTM,0.742,0.414,0.738,0.404,0.58,1.1,1.211,1.131,0.628,0.341,0.35,2.024,1.26,0.399,0.102,0.413,0.591,0.604,0.863,1.006,0.214,1.135,0.628,0.47,1.228,0.909,1.225,1.123,0.719,0.742,1.524,0.412,0.712,0.341,0.0,0.185,0.4,0.0,0.284,0.661,0.495,1.501,1.556,1.719,1.618,1.099,1.719,1.18,1.257,1.18,1.18,1.093,1.114,0.92,1.04,1.099,1.099,1.77,1.277,1.356,1.093,1.036,1.22,0.986,1.024,1.003,1.199,1.141,1.141,1.141,1.011,0.843,0.725,0.067,0.792,1.436,0.871,1.04,1.21
Kolej Teratai 2,0.723,0.395,0.707,0.283,0.41,1.124,1.235,1.156,0.638,0.365,0.374,2.048,1.284,0.38,0.083,0.243,0.414,0.427,0.693,0.987,0.042,0.965,0.458,0.48,1.253,0.906,1.206,1.104,0.599,0.622,1.548,0.436,0.736,0.365,0.185,0.0,0.41,0.185,0.265,0.642,0.374,1.525,1.581,1.743,1.643,1.123,1.743,1.204,1.281,1.204,1.204,1.118,1.138,0.944,1.064,1.123,1.123,1.794,1.302,1.381,1.118,1.06,1.245,1.011,1.048,1.027,1.054,0.971,0.971,0.971,0.841,0.673,0.554,0.118,0.816,1.461,0.7,1.064,1.235
kolej Teratai,0.495,0.167,0.491,0.629,0.818,1.095,1.13,1.127,0.228,0.559,0.568,1.942,1.382,0.152,0.327,0.652,0.824,0.836,1.102,0.759,0.44,1.374,0.867,0.07,1.351,0.678,0.978,0.876,0.582,0.66,1.33,0.63,0.93,0.559,0.4,0.41,0.0,0.4,0.145,0.414,0.72,1.529,1.585,1.638,1.537,1.094,1.638,1.175,1.252,1.175,1.175,1.089,1.109,0.915,1.035,1.094,1.094,1.689,1.4,1.479,1.216,1.159,1.343,1.205,1.242,1.221,1.418,1.38,1.38,1.38,1.25,1.082,0.963,0.333,1.01,1.355,1.109,1.035,1.429
Kolej Teratai 3,0.742,0.414,0.738,0.404,0.58,1.1,1.211,1.131,0.628,0.341,0.35,2.024,1.26,0.399,0.102,0.413,0.591,0.604,0.863,1.006,0.214,1.135,0.628,0.47,1.228,0.909,1.225,1.123,0.719,0.742,1.524,0.412,0.712,0.341,0.0,0.185,0.4,0.0,0.284,0.661,0.495,1.501,1.556,1.719,1.618,1.099,1.719,1.18,1.257,1.18,1.18,1.093,1.114,0.92,1.04,1.099,1.099,1.77,1.277,1.356,1.093,1.036,1.22,0.986,1.024,1.003,1.199,1.141,1.141,1.141,1.011,0.843,0.725,0.067,0.792,1.436,0.871,1.04,1.21
Kolej Delima 2 (PB),0.458,0.13,0.454,0.484,0.674,1.058,1.093,1.09,0.373,0.492,0.5,1.906,1.346,0.115,0.182,0.508,0.679,0.691,0.958,0.722,0.295,1.23,0.723,0.215,1.314,0.641,0.941,0.839,0.545,0.623,1.293,0.563,0.862,0.492,0.284,0.265,0.145,0.284,0.0,0.377,0.575,1.492,1.548,1.601,1.5,1.057,1.601,1.138,1.215,1.138,1.138,1.052,1.072,0.878,0.999,1.057,1.057,1.652,1.363,1.442,1.179,1.122,1.306,1.137,1.175,1.154,1.319,1.236,1.236,1.236,1.106,0.938,0.819,0.217,0.943,1.318,0.965,0.999,1.361
UiTM Facilities Center,0.554,0.399,0.627,0.861,1.051,0.705,0.74,0.736,0.642,0.843,0.839,1.552,0.992,0.341,0.559,0.884,1.056,1.068,1.335,0.56,0.671,1.606,1.099,0.484,0.961,0.288,0.779,0.678,0.717,0.784,1.052,0.914,0.62,0.843,0.661,0.642,0.414,0.661,0.377,0.0,0.952,1.139,1.195,1.247,1.147,0.704,1.247,0.785,0.862,0.785,0.785,0.699,0.719,0.525,0.645,0.704,0.704,1.299,1.01,1.089,0.826,0.769,0.953,0.895,0.932,1.505,1.696,1.613,1.613,1.613,1.483,1.315,1.196,0.594,1.294,0.965,1.342,0.645,1.04
Faculty of Civil Engineering,0.708,0.705,0.59,0.438,0.589,1.461,1.572,1.493,0.948,0.702,0.711,2.385,1.621,0.69,0.393,0.565,0.445,0.457,0.888,1.268,0.332,1.179,0.781,0.79,1.59,1.216,1.487,1.385,0.482,0.502,1.839,0.773,1.073,0.702,0.495,0.374,0.72,0.495,0.575,0.952,0.0,1.862,1.918,2.08,1.979,1.46,2.08,1.541,1.618,1.541,1.541,1.455,1.475,1.281,1.401,1.46,1.46,2.131,1.638,1.718,1.455,1.397,1.582,1.347,1.385,1.364,1.258,1.185,1.185,1.185,1.055,0.722,0.685,0.428,1.153,1.798,0.877,1.401,1.572
Dewan Sri Budiman,1.67,1.514,1.742,1.771,1.92,0.667,0.554,0.699,1.758,1.456,1.151,0.816,0.241,1.456,1.469,1.753,1.931,1.944,2.153,0.988,1.567,2.046,1.968,1.6,0.542,0.851,1.448,1.347,1.833,1.9,0.761,1.572,0.789,1.456,1.501,1.525,1.529,1.501,1.492,1.139,1.862,0.0,0.057,0.554,0.454,0.765,0.554,0.747,0.824,0.747,0.747,0.661,0.681,0.788,0.601,0.765,0.765,1.007,0.259,0.501,0.407,0.465,0.649,1.063,1.101,1.712,1.95,2.052,2.052,2.052,1.922,2.183,2.065,1.434,1.48,0.64,2.211,0.601,0.846
Dewan Annexe,1.725,1.57,1.798,1.827,1.975,0.723,0.609,0.754,1.813,1.511,1.206,0.872,0.297,1.512,1.525,1.808,1.987,1.999,2.208,1.043,1.623,2.101,2.023,1.655,0.598,0.907,1.503,1.402,1.888,1.955,0.816,1.627,0.844,1.511,1.556,1.581,1.585,1.556,1.548,1.195,1.918,0.057,0.0,0.609,0.509,0.82,0.609,0.802,0.88,0.802,0.802,0.716,0.737,0.843,0.657,0.82,0.82,1.062,0.314,0.556,0.463,0.52,0.705,1.119,1.157,1.768,2.006,2.107,2.107,2.107,1.977,2.239,2.12,1.49,1.535,0.696,2.266,0.657,0.901
Menara Sultan Abdul Aziz Shah,1.778,1.622,1.85,1.989,2.138,1.08,0.662,1.112,1.866,1.674,1.369,0.967,0.654,1.564,1.687,1.971,2.149,2.161,2.421,1.096,1.785,2.407,2.186,1.708,0.955,0.96,1.556,1.455,1.941,2.008,0.869,1.79,1.15,1.674,1.719,1.743,1.638,1.719,1.601,1.247,2.08,0.554,0.609,0.0,0.249,0.873,0.0,1.16,1.237,1.16,1.16,1.074,1.094,0.896,0.709,0.873,0.873,1.115,0.672,0.914,0.82,0.878,1.062,1.424,1.462,2.073,2.311,2.413,2.413,2.413,2.283,2.401,2.283,1.652,1.841,0.749,2.428,0.709,1.259
Bahagian Pembangunan Organisasi,1.677,1.522,1.75,1.889,2.037,0.98,0.562,1.011,1.765,1.573,1.268,0.867,0.554,1.464,1.587,1.87,2.048,2.061,2.321,0.996,1.685,2.306,2.085,1.607,0.855,0.859,1.456,1.354,1.841,1.907,0.768,1.689,1.05,1.573,1.618,1.643,1.537,1.618,1.5,1.147,1.979,0.454,0.509,0.249,0.0,0.772,0.249,1.06,1.137,1.06,1.06,0.973,0.994,0.796,0.609,0.772,0.772,1.015,0.571,0.813,0.72,0.777,0.962,1.324,1.362,1.973,2.211,2.312,2.312,2.312,2.182,2.301,2.182,1.551,1.74,0.648,2.328,0.609,1.158
Jabatan Sain Ukur dan Geomatik,1.234,1.079,1.307,1.369,1.518,0.457,0.371,0.488,1.323,1.054,0.749,1.178,0.744,1.021,1.067,1.351,1.529,1.542,1.801,0.867,1.165,1.787,1.566,1.164,0.713,0.416,1.327,1.226,1.398,1.464,0.676,1.17,0.53,1.054,1.099,1.123,1.094,1.099,1.057,0.704,1.46,0.765,0.82,0.873,0.772,0.0,0.873,0.537,0.614,0.537,0.537,0.45,0.471,0.246,0.164,0.0,0.0,0.923,0.761,0.841,0.578,0.52,0.705,0.805,0.843,1.454,1.692,1.793,1.793,1.793,1.663,1.781,1.663,1.032,1.221,0.59,1.809,0.164,0.791
DKB,1.778,1.622,1.85,1.989,2.138,1.08,0.662,1.112,1.866,1.674,1.369,0.967,0.654,1.564,1.687,1.971,2.149,2.161,2.421,1.096,1.785,2.407,2.186,1.708,0.955,0.96,1.556,1.455,1.941,2.008,0.869,1.79,1.15,1.674,1.719,1.743,1.638,1.719,1.601,1.247,2.08,0.554,0.609,0.0,0.249,0.873,0.0,1.16,1.237,1.16,1.16,1.074,1.094,0.896,0.709,0.873,0.873,1.115,0.672,0.914,0.82,0.878,1.062,1.424,1.462,2.073,2.311,2.413,2.413,2.413,2.283,2.401,2.283,1.652,1.841,0.749,2.428,0.709,1.259
Block A Faculty of Applied Science,1.315,1.16,1.388,1.45,1.599,0.08,0.685,0.049,1.404,1.135,0.83,1.422,0.506,1.102,1.148,1.432,1.61,1.623,1.86,1.181,1.246,1.753,1.647,1.245,0.475,0.497,1.54,1.439,1.479,1.545,0.991,1.251,0.496,1.135,1.18,1.204,1.175,1.18,1.138,0.785,1.541,0.747,0.802,1.16,1.06,0.537,1.16,0.0,0.325,0.0,0.0,0.114,0.094,0.357,0.478,0.537,0.537,1.237,0.523,0.603,0.34,0.282,0.466,0.771,0.809,1.42,1.658,1.759,1.759,1.759,1.629,1.862,1.744,1.113,1.187,0.905,1.889,0.478,0.553
Block A Faculty Of Applied Sciences,1.393,1.237,1.465,1.528,1.676,0.245,0.762,0.277,1.481,1.212,0.907,1.5,0.583,1.179,1.226,1.509,1.687,1.7,1.937,1.259,1.323,1.83,1.724,1.323,0.552,0.574,1.617,1.516,1.556,1.622,1.068,1.328,0.573,1.212,1.257,1.281,1.252,1.257,1.215,0.862,1.618,0.824,0.88,1.237,1.137,0.614,1.237,0.325,0.0,0.325,0.325,0.239,0.259,0.434,0.555,0.614,0.614,1.314,0.601,0.68,0.417,0.359,0.544,0.848,0.886,1.497,1.735,1.836,1.836,1.836,1.706,1.94,1.821,1.19,1.264,0.982,1.967,0.555,0.63
DK Beta,1.315,1.16,1.388,1.45,1.599,0.08,0.685,0.049,1.404,1.135,0.83,1.422,0.506,1.102,1.148,1.432,1.61,1.623,1.86,1.181,1.246,1.753,1.647,1.245,0.475,0.497,1.54,1.439,1.479,1.545,0.991,1.251,0.496,1.135,1.18,1.204,1.175,1.18,1.138,0.785,1.541,0.747,0.802,1.16,1.06,0.537,1.16,0.0,0.325,0.0,0.0,0.114,0.094,0.357,0.478,0.537,0.537,1.237,0.523,0.603,0.34,0.282,0.466,0.771,0.809,1.42,1.658,1.759,1.759,1.759,1.629,1.862,1.744,1.113,1.187,0.905,1.889,0.478,0.553
DK Alfa,1.315,1.16,1.388,1.45,1.599,0.08,0.685,0.049,1.404,1.135,0.83,1.422,0.506,1.102,1.148,1.432,1.61,1.623,1.86,1.181,1.246,1.753,1.647,1.245,0.475,0.497,1.54,1.439,1.479,1.545,0.991,1.251,0.496,1.135,1.18,1.204,1.175,1.18,1.138,0.785,1.541,0.747,0.802,1.16,1.06,0.537,1.16,0.0,0.325,0.0,0.0,0.114,0.094,0.357,0.478,0.537,0.537,1.237,0.523,0.603,0.34,0.282,0.466,0.771,0.809,1.42,1.658,1.759,1.759,1.759,1.629,1.862,1.744,1.113,1.187,0.905,1.889,0.478,0.553
DK Delta,1.229,1.074,1.302,1.364,1.512,0.034,0.599,0.065,1.317,1.048,0.744,1.336,0.419,1.016,1.062,1.346,1.524,1.536,1.774,1.095,1.16,1.667,1.561,1.159,0.388,0.411,1.454,1.353,1.393,1.459,0.904,1.165,0.41,1.048,1.093,1.118,1.089,1.093,1.052,0.699,1.455,0.661,0.716,1.074,0.973,0.45,1.074,0.114,0.239,0.114,0.114,0.0,0.048,0.271,0.391,0.45,0.45,1.151,0.437,0.516,0.253,0.196,0.38,0.684,0.722,1.333,1.571,1.673,1.673,1.673,1.543,1.776,1.657,1.027,1.101,0.818,1.803,0.391,0.467
DK Gamma & DK Bestari,1.249,1.094,1.322,1.384,1.533,0.014,0.619,0.045,1.338,1.069,0.764,1.357,0.44,1.036,1.082,1.366,1.544,1.557,1.794,1.116,1.18,1.687,1.581,1.18,0.409,0.431,1.474,1.373,1.413,1.479,0.925,1.185,0.43,1.069,1.114,1.138,1.109,1.114,1.072,0.719,1.475,0.681,0.737,1.094,0.994,0.471,1.094,0.094,0.259,0.094,0.094,0.048,0.0,0.291,0.412,0.471,0.471,1.171,0.457,0.537,0.274,0.216,0.401,0.705,0.743,1.354,1.592,1.693,1.693,1.693,1.563,1.796,1.678,1.047,1.121,0.839,1.824,0.412,0.487
Block F Faculty Of Applied Sciences,1.055,0.9,1.128,1.19,1.338,0.277,0.394,0.309,1.143,0.875,0.57,1.201,0.565,0.842,0.888,1.172,1.35,1.362,1.622,0.89,0.986,1.608,1.387,0.985,0.534,0.237,1.28,1.179,1.219,1.285,0.7,0.991,0.351,0.875,0.92,0.944,0.915,0.92,0.878,0.525,1.281,0.788,0.843,0.896,0.796,0.246,0.896,0.357,0.434,0.357,0.357,0.271,0.291,0.0,0.187,0.246,0.246,0.946,0.582,0.662,0.398,0.341,0.525,0.625,0.663,1.274,1.512,1.614,1.614,1.614,1.484,1.602,1.483,0.853,1.042,0.614,1.629,0.187,0.612
irmi,1.176,1.02,1.248,1.311,1.459,0.398,0.207,0.429,1.264,0.995,0.69,1.014,0.685,0.962,1.009,1.292,1.47,1.483,1.743,0.704,1.107,1.728,1.507,1.106,0.654,0.357,1.164,1.062,1.339,1.406,0.513,1.111,0.471,0.995,1.04,1.064,1.035,1.04,0.999,0.645,1.401,0.601,0.657,0.709,0.609,0.164,0.709,0.478,0.555,0.478,0.478,0.391,0.412,0.187,0.0,0.164,0.164,0.759,0.703,0.782,0.519,0.461,0.646,0.746,0.784,1.395,1.633,1.734,1.734,1.734,1.604,1.723,1.604,0.973,1.162,0.427,1.75,0.0,0.733
Malaysian Institut Transport,1.234,1.079,1.307,1.369,1.518,0.457,0.371,0.488,1.323,1.054,0.749,1.178,0.744,1.021,1.067,1.351,1.529,1.542,1.801,0.867,1.165,1.787,1.566,1.164,0.713,0.416,1.327,1.226,1.398,1.464,0.676,1.17,0.53,1.054,1.099,1.123,1.094,1.099,1.057,0.704,1.46,0.765,0.82,0.873,0.772,0.0,0.873,0.537,0.614,0.537,0.537,0.45,0.471,0.246,0.164,0.0,0.0,0.923,0.761,0.841,0.578,0.52,0.705,0.805,0.843,1.454,1.692,1.793,1.793,1.793,1.663,1.781,1.663,1.032,1.221,0.59,1.809,0.164,0.791
MITRAN,1.234,1.079,1.307,1.369,1.518,0.457,0.371,0.488,1.323,1.054,0.749,1.178,0.744,1.021,1.067,1.351,1.529,1.542,1.801,0.867,1.165,1.787,1.566,1.164,0.713,0.416,1.327,1.226,1.398,1.464,0.676,1.17,0.53,1.054,1.099,1.123,1.094,1.099,1.057,0.704,1.46,0.765,0.82,0.873,0.772,0.0,0.873,0.537,0.614,0.537,0.537,0.45,0.471,0.246,0.164,0.0,0.0,0.923,0.761,0.841,0.578,0.52,0.705,0.805,0.843,1.454,1.692,1.793,1.793,1.793,1.663,1.781,1.663,1.032,1.221,0.59,1.809,0.164,0.791
National Design Centre,1.828,1.674,1.9,2.041,2.189,1.157,0.704,1.188,1.917,1.725,1.42,1.42,1.107,1.616,1.739,2.022,2.2,2.213,2.473,1.033,1.836,2.458,2.237,1.759,1.408,1.011,1.503,1.402,1.991,2.057,0.462,1.841,1.201,1.725,1.77,1.794,1.689,1.77,1.652,1.299,2.131,1.007,1.062,1.115,1.015,0.923,1.115,1.237,1.314,1.237,1.237,1.151,1.171,0.946,0.759,0.923,0.923,0.0,1.125,1.367,1.273,1.221,1.405,1.476,1.514,2.125,2.363,2.464,2.464,2.464,2.334,2.453,2.334,1.703,1.892,0.863,2.48,0.759,1.492
Budisiswa,1.54,1.385,1.613,1.548,1.696,0.443,0.672,0.475,1.628,1.232,0.927,0.934,0.018,1.327,1.246,1.529,1.707,1.72,1.929,1.106,1.344,1.822,1.744,1.47,0.319,0.722,1.566,1.465,1.704,1.77,0.878,1.348,0.565,1.232,1.277,1.302,1.4,1.277,1.363,1.01,1.638,0.259,0.314,0.672,0.571,0.761,0.672,0.523,0.601,0.523,0.523,0.437,0.457,0.582,0.703,0.761,0.761,1.125,0.0,0.277,0.184,0.241,0.426,0.84,0.878,1.489,1.727,1.828,1.828,1.828,1.698,1.96,1.841,1.211,1.256,0.758,1.987,0.703,0.622
Bangunan HEP,1.62,1.464,1.692,1.627,1.775,0.523,0.914,0.554,1.708,1.311,1.007,1.176,0.26,1.406,1.325,1.609,1.787,1.799,2.008,1.348,1.423,1.901,1.824,1.55,0.398,0.801,1.808,1.707,1.783,1.85,1.12,1.428,0.645,1.311,1.356,1.381,1.479,1.356,1.442,1.089,1.718,0.501,0.556,0.914,0.813,0.841,0.914,0.603,0.68,0.603,0.603,0.516,0.537,0.662,0.782,0.841,0.841,1.367,0.277,0.0,0.263,0.321,0.505,0.919,0.957,1.568,1.806,1.908,1.908,1.908,1.778,2.039,1.92,1.29,1.335,1.0,2.066,0.782,0.702
Faculty of Business,1.357,1.201,1.429,1.364,1.512,0.26,0.726,0.291,1.445,1.048,0.744,1.083,0.166,1.143,1.062,1.346,1.524,1.536,1.745,1.223,1.16,1.638,1.561,1.287,0.135,0.538,1.581,1.48,1.52,1.586,1.027,1.165,0.382,1.048,1.093,1.118,1.216,1.093,1.179,0.826,1.455,0.407,0.463,0.82,0.72,0.578,0.82,0.34,0.417,0.34,0.34,0.253,0.274,0.398,0.519,0.578,0.578,1.273,0.184,0.263,0.0,0.058,0.242,0.656,0.694,1.305,1.543,1.644,1.644,1.644,1.515,1.776,1.657,1.027,1.072,0.907,1.803,0.519,0.439
"Instititut Leadership, Quality",1.299,1.144,1.372,1.306,1.455,0.202,0.669,0.234,1.387,0.991,0.686,1.14,0.224,1.086,1.004,1.288,1.466,1.479,1.688,1.165,1.102,1.581,1.503,1.229,0.193,0.481,1.524,1.423,1.462,1.529,0.974,1.107,0.324,0.991,1.036,1.06,1.159,1.036,1.122,0.769,1.397,0.465,0.52,0.878,0.777,0.52,0.878,0.282,0.359,0.282,0.282,0.196,0.216,0.341,0.461,0.52,0.52,1.221,0.241,0.321,0.058,0.0,0.184,0.599,0.636,1.247,1.486,1.587,1.587,1.587,1.457,1.719,1.6,0.969,1.015,0.888,1.746,0.461,0.381
Ayub Arshad Graduate Business School,1.483,1.328,1.556,1.491,1.639,0.387,0.853,0.418,1.572,1.175,0.87,1.325,0.408,1.27,1.189,1.472,1.65,1.663,1.872,1.349,1.287,1.765,1.687,1.413,0.377,0.665,1.708,1.607,1.647,1.713,1.159,1.291,0.508,1.175,1.22,1.245,1.343,1.22,1.306,0.953,1.582,0.649,0.705,1.062,0.962,0.705,1.062,0.466,0.544,0.466,0.466,0.38,0.401,0.525,0.646,0.705,0.705,1.405,0.426,0.505,0.242,0.184,0.0,0.783,0.821,1.432,1.67,1.771,1.771,1.771,1.641,1.903,1.784,1.154,1.199,1.073,1.93,0.646,0.565
Gym Sport Recreation,1.372,1.217,1.445,1.257,1.405,0.691,0.917,0.722,1.433,0.941,0.636,1.729,0.822,1.159,0.955,1.238,1.416,1.429,1.089,1.379,1.053,0.982,1.181,1.275,0.791,0.614,1.597,1.496,1.536,1.595,1.229,1.057,0.274,0.941,0.986,1.011,1.205,0.986,1.137,0.895,1.347,1.063,1.119,1.424,1.324,0.805,1.424,0.771,0.848,0.771,0.771,0.684,0.705,0.625,0.746,0.805,0.805,1.476,0.84,0.919,0.656,0.599,0.783,0.0,0.266,0.649,0.887,0.988,0.988,0.988,0.859,1.263,1.217,0.92,0.416,1.142,1.19,0.746,0.23
Dewan Agung Tuanku Canselor,1.41,1.255,1.483,1.295,1.443,0.729,0.955,0.76,1.471,0.979,0.674,1.767,0.86,1.197,0.993,1.276,1.454,1.467,1.355,1.417,1.091,1.248,1.447,1.313,0.829,0.652,1.635,1.534,1.574,1.633,1.267,1.095,0.312,0.979,1.024,1.048,1.242,1.024,1.175,0.932,1.385,1.101,1.157,1.462,1.362,0.843,1.462,0.809,0.886,0.809,0.809,0.722,0.743,0.663,0.784,0.843,0.843,1.514,0.878,0.957,0.694,0.636,0.821,0.266,0.0,0.915,1.153,1.254,1.254,1.254,1.124,1.529,1.483,0.957,0.682,1.18,1.456,0.784,0.495
MTDC,1.586,1.258,1.582,1.274,1.13,1.34,1.566,1.371,1.45,0.958,0.872,2.378,1.471,1.244,0.972,1.219,1.082,1.306,0.725,1.85,1.07,0.618,0.817,1.292,1.44,1.263,2.069,1.968,1.589,1.612,1.878,1.074,0.923,0.958,1.003,1.027,1.221,1.003,1.154,1.505,1.364,1.712,1.768,2.073,1.973,1.454,2.073,1.42,1.497,1.42,1.42,1.333,1.354,1.274,1.395,1.454,1.454,2.125,1.489,1.568,1.305,1.247,1.432,0.649,0.915,0.0,0.523,0.624,0.624,0.624,0.494,0.899,0.853,0.936,0.278,1.791,0.826,1.395,0.879
Surau FSPU,1.767,1.449,1.65,1.338,0.909,1.578,1.804,1.609,1.646,1.154,1.069,2.616,1.709,1.435,1.137,0.998,0.861,1.085,0.504,2.041,1.096,0.427,0.596,1.488,1.678,1.501,2.26,2.158,1.541,1.564,2.116,1.271,1.161,1.154,1.199,1.054,1.418,1.199,1.319,1.696,1.258,1.95,2.006,2.311,2.211,1.692,2.311,1.658,1.735,1.658,1.658,1.571,1.592,1.512,1.633,1.692,1.692,2.363,1.727,1.806,1.543,1.486,1.67,0.887,1.153,0.523,0.0,0.433,0.433,0.433,0.304,0.679,0.633,1.133,0.516,2.029,0.605,1.633,1.117
AB1,1.694,1.366,1.577,1.254,0.836,1.679,1.905,1.71,1.608,1.256,1.17,2.718,1.811,1.351,1.054,0.915,0.788,1.012,0.431,1.958,1.013,0.143,0.513,1.45,1.78,1.603,2.176,2.075,1.468,1.491,2.218,1.372,1.263,1.256,1.141,0.971,1.38,1.141,1.236,1.613,1.185,2.052,2.107,2.413,2.312,1.793,2.413,1.759,1.836,1.759,1.759,1.673,1.693,1.614,1.734,1.793,1.793,2.464,1.828,1.908,1.644,1.587,1.771,0.988,1.254,0.624,0.433,0.0,0.0,0.0,0.13,0.605,0.559,1.074,0.617,2.13,0.532,1.734,1.218
AB3,1.694,1.366,1.577,1.254,0.836,1.679,1.905,1.71,1.608,1.256,1.17,2.718,1.811,1.351,1.054,0.915,0.788,1.012,0.431,1.958,1.013,0.143,0.513,1.45,1.78,1.603,2.176,2.075,1.468,1.491,2.218,1.372,1.263,1.256,1.141,0.971,1.38,1.141,1.236,1.613,1.185,2.052,2.107,2.413,2.312,1.793,2.413,1.759,1.836,1.759,1.759,1.673,1.693,1.614,1.734,1.793,1.793,2.464,1.828,1.908,1.644,1.587,1.771,0.988,1.254,0.624,0.433,0.0,0.0,0.0,0.13,0.605,0.559,1.074,0.617,2.13,0.532,1.734,1.218
AB2,1.694,1.366,1.577,1.254,0.836,1.679,1.905,1.71,1.608,1.256,1.17,2.718,1.811,1.351,1.054,0.915,0.788,1.012,0.431,1.958,1.013,0.143,0.513,1.45,1.78,1.603,2.176,2.075,1.468,1.491,2.218,1.372,1.263,1.256,1.141,0.971,1.38,1.141,1.236,1.613,1.185,2.052,2.107,2.413,2.312,1.793,2.413,1.759,1.836,1.759,1.759,1.673,1.693,1.614,1.734,1.793,1.793,2.464,1.828,1.908,1.644,1.587,1.771,0.988,1.254,0.624,0.433,0.0,0.0,0.0,0.13,0.605,0.559,1.074,0.617,2.13,0.532,1.734,1.218
Kafeteria Kolej Anggerik,1.564,1.236,1.447,1.125,0.706,1.549,1.775,1.581,1.478,1.126,1.04,2.588,1.681,1.221,0.924,0.785,0.658,0.882,0.301,1.828,0.883,0.124,0.383,1.32,1.65,1.473,2.047,1.945,1.338,1.361,2.088,1.242,1.133,1.126,1.011,0.841,1.25,1.011,1.106,1.483,1.055,1.922,1.977,2.283,2.182,1.663,2.283,1.629,1.706,1.629,1.629,1.543,1.563,1.484,1.604,1.663,1.663,2.334,1.698,1.778,1.515,1.457,1.641,0.859,1.124,0.494,0.304,0.13,0.13,0.13,0.0,0.476,0.429,0.945,0.487,2.001,0.402,1.604,1.088
Mamakteria Cafe,1.231,1.068,1.114,0.828,0.384,1.782,1.894,1.814,1.311,1.024,1.032,2.706,1.942,1.054,0.756,0.617,0.277,0.549,0.252,1.66,0.662,0.599,0.215,1.152,1.911,1.579,1.879,1.778,1.005,1.028,2.206,1.095,1.394,1.024,0.843,0.673,1.082,0.843,0.938,1.315,0.722,2.183,2.239,2.401,2.301,1.781,2.401,1.862,1.94,1.862,1.862,1.776,1.796,1.602,1.723,1.781,1.781,2.453,1.96,2.039,1.776,1.719,1.903,1.263,1.529,0.899,0.679,0.605,0.605,0.605,0.476,0.0,0.119,0.777,0.892,2.119,0.232,1.723,1.493
Pusat Kesihatan UiTM Shah Alam,1.194,0.949,1.077,0.783,0.33,1.664,1.775,1.695,1.192,0.905,0.914,2.587,1.823,0.935,0.637,0.499,0.293,0.517,0.262,1.541,0.597,0.553,0.097,1.034,1.792,1.46,1.76,1.659,0.969,0.991,2.087,0.976,1.276,0.905,0.725,0.554,0.963,0.725,0.819,1.196,0.685,2.065,2.12,2.283,2.182,1.663,2.283,1.744,1.821,1.744,1.744,1.657,1.678,1.483,1.604,1.663,1.663,2.334,1.841,1.92,1.657,1.6,1.784,1.217,1.483,0.853,0.633,0.559,0.559,0.559,0.429,0.119,0.0,0.658,0.846,2.0,0.251,1.604,1.447
Non Resident Office,0.675,0.347,0.671,0.337,0.513,1.033,1.144,1.065,0.561,0.274,0.283,1.957,1.193,0.333,0.035,0.346,0.525,0.537,0.797,0.939,0.148,1.068,0.561,0.403,1.162,0.842,1.158,1.057,0.653,0.675,1.457,0.345,0.645,0.274,0.067,0.118,0.333,0.067,0.217,0.594,0.428,1.434,1.49,1.652,1.551,1.032,1.652,1.113,1.19,1.113,1.113,1.027,1.047,0.853,0.973,1.032,1.032,1.703,1.211,1.29,1.027,0.969,1.154,0.92,0.957,0.936,1.133,1.074,1.074,1.074,0.945,0.777,0.658,0.0,0.725,1.37,0.804,0.973,1.144
Security Office,1.375,1.047,1.371,1.063,1.122,1.107,1.333,1.138,1.239,0.747,0.661,2.146,1.238,1.033,0.761,1.044,1.075,1.235,0.718,1.639,0.858,0.611,0.81,1.081,1.207,1.031,1.858,1.757,1.378,1.401,1.646,0.863,0.691,0.747,0.792,0.816,1.01,0.792,0.943,1.294,1.153,1.48,1.535,1.841,1.74,1.221,1.841,1.187,1.264,1.187,1.187,1.101,1.121,1.042,1.162,1.221,1.221,1.892,1.256,1.335,1.072,1.015,1.199,0.416,0.682,0.278,0.516,0.617,0.617,0.617,0.487,0.892,0.846,0.725,0.0,1.558,0.819,1.162,0.646
Register Office,1.495,1.34,1.568,1.707,1.855,0.825,0.38,0.856,1.584,1.391,1.086,1.054,0.741,1.282,1.405,1.688,1.867,1.879,2.139,0.844,1.503,2.124,1.903,1.425,1.042,0.677,1.304,1.202,1.659,1.725,0.616,1.507,0.868,1.391,1.436,1.461,1.355,1.436,1.318,0.965,1.798,0.64,0.696,0.749,0.648,0.59,0.749,0.905,0.982,0.905,0.905,0.818,0.839,0.614,0.427,0.59,0.59,0.863,0.758,1.0,0.907,0.888,1.073,1.142,1.18,1.791,2.029,2.13,2.13,2.13,2.001,2.119,2.0,1.37,1.558,0.0,2.146,0.427,1.159
Pos Polis Bantuan,1.386,1.095,1.268,0.98,0.527,1.81,1.921,1.841,1.338,1.051,1.059,2.733,1.969,1.081,0.783,0.644,0.48,0.703,0.101,1.687,0.742,0.526,0.243,1.18,1.938,1.606,1.906,1.805,1.16,1.183,2.233,1.122,1.421,1.051,0.871,0.7,1.109,0.871,0.965,1.342,0.877,2.211,2.266,2.428,2.328,1.809,2.428,1.889,1.967,1.889,1.889,1.803,1.824,1.629,1.75,1.809,1.809,2.48,1.987,2.066,1.803,1.746,1.93,1.19,1.456,0.826,0.605,0.532,0.532,0.532,0.402,0.232,0.251,0.804,0.819,2.146,0.0,1.75,1.42
Stor Sukan,1.176,1.02,1.248,1.311,1.459,0.398,0.207,0.429,1.264,0.995,0.69,1.014,0.685,0.962,1.009,1.292,1.47,1.483,1.743,0.704,1.107,1.728,1.507,1.106,0.654,0.357,1.164,1.062,1.339,1.406,0.513,1.111,0.471,0.995,1.04,1.064,1.035,1.04,0.999,0.645,1.401,0.601,0.657,0.709,0.609,0.164,0.709,0.478,0.555,0.478,0.478,0.391,0.412,0.187,0.0,0.164,0.164,0.759,0.703,0.782,0.519,0.461,0.646,0.746,0.784,1.395,1.633,1.734,1.734,1.734,1.604,1.723,1.604,0.973,1.162,0.427,1.75,0.0,0.733
